18 21
8.22421 0.739209 2.34395 4.57388 5.93201 4.17297 3.43522 1.51285 6.79954 0.471776 3.10098 7.44358 8.81067 0.0701879 8.03793 8.92081 6.50688 3.69477 
0.438803 1.45429 0.0927635 7.7885 8.58449 2.03001 0.857534 4.03042 2.31322 1.52664 2.65534 6.10107 4.84136 7.32432 2.10607 1.89268 1.48595 8.12105 
1.1998 5.38194 1.78266 0.560393 0.720087 9.31358 5.68745 8.76367 1.34895 5.36246 1.07294 1.95206 7.70061 6.38792 1.09597 3.52443 7.71625 1.03382 
3.40263 8.19107 1.30257 6.14756 8.79281 7.64213 3.43698 6.48462 9.01476 1.63098 8.79892 2.62683 9.77682 7.12998 1.28721 4.69463 4.58153 4.86013 
3.25752 3.61103 8.24236 6.94039 9.72778 9.80546 9.31805 1.41359 5.58589 6.62681 2.77525 4.25411 0.217818 4.27935 8.41136 4.66328 0.964744 9.15327 
7.66944 1.51258 3.65826 7.95103 4.32733 4.74266 2.86863 1.73889 7.72185 1.27683 3.67537 4.01024 8.12622 0.6905 1.14667 0.836011 5.10471 9.5203 
4.37939 7.75118 7.14718 1.52551 7.72646 4.00575 1.5068 4.67875 8.11628 0.791062 5.36395 2.98301 2.66141 8.87439 5.68886 6.90037 7.66107 7.47438 
5.5888 7.03277 8.61526 7.15444 1.98283 3.09657 4.7052 4.5016 6.58063 3.59608 6.41155 1.80559 7.70259 1.69032 3.3745 0.327506 9.04102 8.97814 
3.89101 2.9899 5.22697 0.965958 7.75505 4.06695 5.86285 5.5865 5.90252 0.737667 7.91433 2.57731 9.14471 4.16398 9.47619 5.04969 3.40128 3.15656 
0.318757 6.7087 5.5493 0.127853 1.60775 7.53159 7.26556 5.73872 3.96341 7.64674 6.01283 5.24506 4.47204 9.74824 7.12115 5.05676 4.93846 4.24955 
0.250309 2.6843 3.9104 9.11861 4.22217 8.32447 0.302444 9.28637 2.3266 7.14624 6.12165 8.13146 3.83769 9.1399 1.91767 8.05547 5.67455 6.28039 
0.932227 9.55519 8.64799 7.26096 3.67425 9.69118 2.96124 2.05212 7.91505 7.48442 0.286605 4.69241 7.20892 1.85706 2.13244 4.8627 7.44519 6.83833 
3.2109 3.33677 9.14692 1.13513 3.79971 6.01724 7.9722 6.26489 2.56149 5.75736 3.58817 4.79486 2.75383 9.9946 9.31101 1.91944 3.0922 3.63356 
5.34862 3.38676 2.13043 7.81758 2.60088 7.16777 5.26382 9.78687 2.01053 0.260659 2.28498 8.08383 4.48959 7.20149 3.10448 6.38729 0.997788 4.2247 
0.564202 4.6177 1.03813 1.6897 3.52425 8.93569 4.80821 7.03441 8.07791 8.76671 7.63199 3.78661 3.62546 4.40157 8.21568 8.9695 6.51328 2.41349 
1.60507 8.5415 6.8555 1.78606 4.81769 4.49188 7.46341 6.17856 5.37626 7.45968 6.0478 3.38953 6.12702 7.50504 5.81933 4.89323 1.19218 7.93917 
1.64235 7.76474 1.66377 1.68551 1.13156 1.66166 9.86877 5.59895 6.86003 0.679796 4.41264 2.37888 0.737372 3.67725 4.72467 4.43155 5.41331 5.69367 
9.34201 8.01377 2.60365 0.811684 0.792148 7.78294 0.355057 8.96406 4.20476 7.74497 7.24206 1.58254 0.995795 8.02475 2.93998 5.80509 7.67507 3.2742 
8.72327 1.15221 8.40887 4.37283 0.663477 6.69944 8.83628 6.25305 0.741231 9.97776 6.41804 5.02731 3.4194 7.74495 6.62437 4.89084 5.8262 6.54686 
3.51729 3.13016 6.13942 6.00369 4.06185 9.43004 7.63616 4.8576 0.991482 9.80781 2.90805 4.3921 0.841604 5.05438 0.119586 2.54706 9.04767 9.86821 
8.42785 0.485833 1.66401 3.61702 7.20589 5.63809 6.05076 6.16511 6.08782 4.99702 1.24517 5.60056 4.58177 6.52887 5.30252 7.77551 1.48852 2.1044 
