26 14
3.62247 0.0574815 4.69058 9.09272 4.45252 7.75728 1.66321 4.93879 0.170002 6.18306 2.69407 5.42962 3.10364 5.79686 0.251449 7.70355 7.83617 9.89064 1.14507 3.49618 3.95694 5.61118 7.45836 2.56741 1.54926 4.20729 
0.265227 2.76228 8.21482 7.66764 4.48992 3.08238 9.38013 8.01648 3.28115 4.6077 8.28489 0.187233 7.94447 7.52465 2.50638 5.33044 5.89646 8.13563 5.01409 5.30811 7.66763 4.40473 0.809394 0.253751 8.80974 4.72904 
5.68347 6.52652 1.73544 1.5301 9.61246 3.12033 1.45262 9.24592 9.87801 1.6419 5.91753 5.22515 3.0343 8.46692 6.79669 2.79195 9.99641 6.58722 1.66135 4.9205 7.31962 5.35045 1.34832 4.51171 4.88682 1.51478 
0.138942 6.86652 3.78104 4.35552 5.18355 4.9508 9.99803 4.77267 1.72985 1.71462 6.6569 5.02772 3.07545 5.22043 5.42361 3.28819 4.36935 2.66473 9.27649 5.5453 7.06486 7.90205 0.0045163 8.00676 4.21451 8.51319 
0.29297 1.96669 4.19001 6.02585 3.95451 8.02685 4.21365 6.95374 3.79775 1.13472 4.09983 2.72848 6.53538 9.22555 6.50473 9.74444 3.62612 6.26337 9.16137 8.24695 8.75019 0.582361 1.16594 1.32298 1.8055 3.3884 
1.41235 5.76896 3.3751 9.30314 1.82024 4.58108 3.23995 5.64663 8.62114 0.851617 8.42801 8.51765 5.45874 8.92995 7.74742 5.56951 6.00003 7.3266 2.44508 6.62806 3.11435 2.80962 3.11095 8.84319 9.65905 2.19607 
6.61786 0.930271 5.09279 4.03209 3.00474 1.8629 4.25144 1.17963 1.89985 7.56412 7.46942 6.38468 4.66774 6.55467 0.67885 8.75051 5.76104 1.02788 6.69678 0.152573 4.83527 3.22458 3.49374 6.49939 1.94948 3.47338 
3.50351 7.74684 7.89221 4.69507 5.85015 2.56351 3.09267 6.2014 7.92756 1.4025 9.85261 5.34236 1.1318 2.89523 5.68556 7.57698 8.51186 6.22141 3.773 6.69676 9.40945 3.6625 2.50744 6.82492 5.88388 0.805626 
8.37263 5.34619 6.06901 7.37056 4.24581 9.35912 4.04982 8.81911 7.36634 0.710569 9.88569 2.35746 6.78244 4.96014 0.692558 0.445199 0.183348 0.373962 1.49791 5.48842 1.2872 4.34802 3.38116 2.00295 4.61162 7.73411 
3.22608 6.01318 2.43844 5.79239 4.35604 0.586985 4.3732 8.64493 9.25746 6.86643 9.61025 6.58458 4.20763 6.47834 5.81753 7.83551 7.96568 1.2582 4.4179 6.29234 7.48679 4.86923 2.70386 8.19568 3.83863 4.40057 
9.85597 7.60743 8.47762 3.16365 2.66919 4.2757 2.41811 4.59946 0.606151 9.49829 1.7053 6.47509 8.94536 1.47489 4.21432 9.65217 9.65119 2.75615 2.10848 8.20858 6.34956 9.40721 5.32694 6.71425 3.75423 0.508438 
2.78619 1.96075 7.265 8.92097 4.29931 1.89392 1.34649 6.33572 1.29597 7.5417 5.25346 9.59795 2.53791 7.49199 5.83853 1.90309 4.22342 8.57275 5.32686 2.71498 4.78088 7.8529 7.30777 3.28225 7.6608 4.42234 
0.646882 5.62896 5.61111 3.99653 6.71992 7.23451 7.15451 5.40757 8.64053 6.78814 0.395772 4.31138 4.72972 8.12812 2.36362 4.08596 3.24743 6.87268 1.33698 7.55722 4.55343 8.63723 7.51443 9.16828 2.04768 3.37484 
6.97422 2.3722 8.69059 3.37059 1.62366 5.67819 1.76182 4.80717 7.11496 6.3142 2.87376 9.47564 8.40457 6.78639 5.79174 3.22702 1.69914 9.19067 2.93564 6.44447 1.19212 5.04064 6.70803 3.34628 8.38959 3.79774 
