14 24
7.35581 2.143 4.56766 5.40515 2.23246 3.29149 3.56393 4.578 4.77903 8.42848 1.01469 0.185467 2.68498 6.89408 
4.03383 7.00816 0.880221 9.1404 6.26375 7.55146 6.6949 9.37071 3.43259 4.44395 4.11291 4.12629 9.97111 5.46256 
3.04605 5.98738 6.71909 7.22221 3.44276 5.67542 8.15454 7.88174 9.32364 1.29606 1.93816 6.75018 8.15402 2.78759 
9.94774 7.26101 6.02454 0.684063 0.389653 8.92725 7.36325 1.44696 6.15878 0.449476 6.67758 3.51899 5.24723 9.23361 
5.38201 5.1276 4.23915 8.00128 9.98772 7.17546 6.49862 4.90135 2.9907 4.13942 4.03997 3.30422 8.01315 2.69676 
5.1381 1.15077 8.97879 5.29359 6.72265 8.8707 7.58448 0.588931 8.26578 7.68824 9.22513 6.3319 7.37295 9.73047 
9.72276 7.31663 1.16123 3.69679 7.95438 6.02776 6.07336 7.15961 1.44723 9.37333 0.176003 5.86072 2.87267 6.72486 
5.95356 4.51928 0.278928 4.14476 1.53641 4.22603 4.81041 3.51352 1.04112 6.12572 4.83206 8.34463 3.55909 0.629443 
3.85094 8.62054 2.17179 4.67582 6.715 9.71421 4.57025 0.670646 2.7657 3.11746 2.72104 7.47305 1.73326 6.00091 
0.120547 8.92241 3.74512 0.495872 6.23414 8.29235 0.116757 5.98865 8.21198 0.493335 3.76513 6.64611 4.56842 2.19052 
8.68581 2.84362 4.33498 3.76383 3.98752 1.51449 5.72204 8.75429 8.24704 2.71463 7.75542 1.72494 4.80392 0.152658 
8.97346 7.69846 2.50838 2.1355 2.59422 5.36037 0.552735 1.09111 8.91727 5.3374 1.59455 0.349311 1.57936 7.42227 
0.176041 7.68346 8.15397 0.40763 6.71202 6.04716 2.22253 3.53434 6.03661 3.28699 6.23511 4.94216 3.06041 9.13162 
2.59197 7.03897 8.32999 6.87256 5.25693 7.13005 4.68722 6.70289 5.17661 9.9819 6.237 6.08592 3.48552 9.68919 
6.91437 3.49888 4.31369 5.99415 3.64943 1.67878 6.4108 5.89484 9.86184 0.768064 5.19824 4.29804 0.661548 3.60145 
5.69004 4.09997 9.7344 9.44913 8.80557 3.90757 2.17762 6.1342 3.92825 0.415795 0.840602 6.71109 0.831213 3.4988 
0.67406 7.53999 2.63558 1.9808 5.02354 1.32699 4.97639 5.24985 5.43193 4.76189 1.08668 5.26426 1.05797 9.06748 
6.2446 2.95259 4.24416 9.81757 3.97366 2.42231 7.12072 4.26579 4.17462 3.15727 4.39958 2.05776 0.355953 2.23004 
6.36352 3.26673 8.4604 2.07681 9.6624 3.79063 7.44573 2.85048 5.31202 6.61222 8.46509 8.51212 8.49437 1.49024 
5.21927 9.16674 7.47577 3.12286 3.62492 8.46383 7.57196 6.17117 8.42843 8.96987 4.78357 7.63848 7.0162 9.10362 
0.929617 3.5295 2.31733 9.68988 0.223748 0.53429 0.698929 7.99731 8.16551 7.26096 3.63536 2.58504 2.62123 9.56461 
3.35169 9.32111 9.37843 6.1379 2.38126 5.58052 7.2148 5.38813 0.187821 6.28802 9.1914 8.07405 2.57027 9.63886 
7.45341 3.77958 3.98519 9.19696 6.43049 6.06956 3.93386 1.34258 7.80045 5.6765 0.469915 3.2542 3.39078 6.29843 
1.71848 2.62203 8.03695 1.49034 0.386269 5.57582 0.399159 7.80712 7.60213 2.45168 5.06466 6.35936 2.66869 0.177107 
