16 19
7.36696 0.588691 6.71774 2.2675 4.32415 1.03831 0.131064 6.6102 0.893093 0.507201 3.11873 4.17482 2.78771 5.70209 5.56799 2.2915 
3.17099 7.04936 9.50884 1.17424 1.59433 0.137135 9.63707 0.906618 3.34064 6.04894 8.29684 6.59119 3.5411 2.51807 9.64555 0.19162 
9.68438 4.69234 3.91321 4.39937 1.81345 6.81726 5.78017 4.52399 7.45556 7.34689 1.84494 7.33949 4.30572 1.64595 1.45445 7.60219 
5.42911 8.46288 1.52546 5.49845 5.58939 5.43656 8.16897 4.3471 8.74088 0.960253 2.39157 3.40229 1.92019 9.71393 1.05067 7.05378 
3.22771 4.59875 6.08454 6.66289 4.37405 9.87576 2.57828 5.92332 4.34357 8.36959 8.3623 6.33309 4.64381 1.35667 7.98527 6.94115 
6.45561 8.57574 9.40751 9.65977 6.80513 0.229486 7.52315 0.0599894 5.74686 6.44952 4.98962 3.78665 5.17351 0.586343 3.36961 4.23815 
9.62247 6.34808 7.99008 9.3792 3.20311 7.4886 1.97258 8.54624 5.62244 1.03397 0.823043 9.10318 9.82463 4.86235 0.329142 8.02961 
7.25605 7.01373 9.5981 9.96147 0.308644 8.54997 5.44346 1.27355 5.5168 1.24255 8.96526 2.17108 0.275141 1.35418 7.65998 4.83959 
1.90524 7.7451 3.81663 2.72359 0.619324 5.40719 0.30325 8.16646 2.95388 6.74766 6.14761 1.10916 0.236018 2.82296 7.02672 6.84985 
9.16196 7.0576 7.39123 2.25717 6.08811 9.18487 2.87674 3.35151 0.703745 0.488401 5.5896 5.36596 0.403055 5.84697 9.10641 5.71204 
5.95138 8.82286 8.14559 5.88345 0.241012 3.88556 9.87464 8.74384 4.05794 0.867359 8.27711 4.13563 1.22646 2.69469 5.24705 0.348078 
2.05487 0.442715 0.301322 5.1123 5.62092 7.23216 3.78277 8.09415 2.51861 5.90607 1.90131 7.90612 6.31512 7.2007 5.166 7.7693 
2.05701 3.79514 5.25086 4.32392 9.69234 9.15203 7.86914 1.18488 5.18708 5.3095 4.97781 4.07369 1.18602 0.222953 2.15928 0.750778 
0.788934 2.64495 4.24788 9.56621 0.40875 0.760669 8.27177 6.58906 0.682291 4.88111 6.13714 5.90384 4.07172 6.19336 9.69157 1.99511 
5.82941 1.27418 6.08162 5.81592 0.197395 8.43731 7.40001 5.81522 6.33641 4.7056 3.82183 3.67132 8.1874 4.13642 9.09055 9.85527 
3.71071 9.54431 3.43483 2.86336 7.07713 0.242196 1.05662 3.95676 7.00079 4.92839 8.43842 0.933461 9.0961 7.70123 6.12308 7.12164 
8.8319 4.61024 0.913725 6.41418 9.10983 0.678962 4.19759 1.67444 6.80472 0.857551 4.85783 2.35767 7.31605 2.86645 6.55046 7.32186 
3.5844 2.79483 9.46863 0.179287 4.37445 9.15306 7.25699 1.93116 9.0909 6.85915 8.20751 4.74966 0.617603 2.31323 1.69883 4.0039 
2.46203 4.58374 1.86499 5.12972 6.60749 0.2302 1.98228 6.50518 1.31786 4.36951 0.43985 2.00065 3.41148 5.4056 3.77936 3.69659 
