15 10
22.24300 15.51475 -43.82712 71.55354 99.28302 53.17729 52.94648 39.39425 75.58466 14.85924 17.69921 -14.18187 26.71789 51.91355 65.33705
3.93669 7.00666 10.35841 70.01803 73.47565 23.80547 86.80158 44.97833 9.62963 13.86068 12.95906 98.97479 31.20802 17.08039 52.72393
89.42109 1.51859 30.50867 71.74547 48.88895 29.41694 98.11284 31.34267 57.44616 60.56086 19.91354 71.67607 38.20905 89.13662 20.12918
8.00231 83.41792 99.65029 39.25715 87.76019 27.86537 58.92624 50.08157 87.89762 83.39897 41.83561 8.41510 43.04712 92.89922 30.51677
44.28916 -8.00264 5.68692 56.58467 49.92561 38.88405 22.68577 44.79611 20.74879 29.67067 77.88222 34.84732 80.85150 55.53559 82.90042
74.49481 2.36445 42.01152 73.02923 52.03301 33.00846 17.87037 17.80580 25.00608 66.07596 48.75206 19.90820 2.96573 41.40283 70.51618
92.16317 50.60510 32.57446 45.43510 48.99665 5.14810 9.89427 -56.28082 47.31835 4.94496 95.94977 76.71777 44.10356 27.68073 18.70127
-42.21370 53.27454 85.87270 74.94426 35.20408 52.62587 38.79176 9.03678 96.85416 22.99201 33.40568 23.73909 1.30868 77.85764 30.32233
61.85802 95.36194 16.93998 63.05614 94.35602 88.32337 55.80498 96.56357 8.21476 99.59505 70.50285 19.70454 88.73882 70.77486 68.95264
29.37447 57.22914 -85.65264 9.61913 88.76847 26.58295 80.33328 60.11916 66.94510 3.02623 50.51186 62.78878 53.09951 -28.40586 11.85481
