18 12
2.1119 3.76038 7.14009 9.45358 3.7115 7.89572 4.09891 8.6515 6.40585 6.90178 5.95151 5.40844 0.952542 0.169761 4.51297 5.54712 5.18399 6.36081 
2.55551 7.11571 2.55515 9.84119 4.26766 4.35048 2.08512 0.713961 3.59857 6.64333 0.172166 0.62612 3.41804 2.26965 8.15423 2.92739 8.08555 7.42126 
1.87163 5.50122 9.44572 4.52153 8.94716 8.41819 4.62566 5.44838 8.57424 7.33403 0.764513 3.79791 8.91456 4.6808 6.87871 2.11449 8.37356 0.0316552 
8.02694 8.30935 0.716295 6.25596 1.62552 5.30828 6.10181 0.280299 0.333961 0.637135 5.14823 0.125229 4.91221 7.23394 9.38684 2.27217 9.7266 2.62923 
5.67846 4.84555 9.64485 6.42594 6.49025 0.84921 2.20112 0.382539 5.5289 5.58347 9.51969 4.76943 5.35625 1.37372 0.906328 9.35981 7.56622 9.00338 
2.20908 4.45359 9.27379 4.98243 6.93434 7.30759 4.81774 6.99143 3.07175 6.58827 2.55027 4.13374 9.55043 8.70118 4.65979 2.67064 4.40394 2.60522 
6.55221 1.88116 5.45419 9.13373 4.09963 3.37541 4.53329 6.40648 7.05234 3.37685 3.71206 4.82293 7.87104 2.99151 3.21911 9.7554 2.91677 5.54725 
1.12109 5.9816 7.81915 8.40233 8.69472 2.60063 4.8321 0.306053 3.4906 4.65778 5.85098 2.4351 4.50128 1.46624 6.92695 0.906206 3.46677 4.60903 
2.39085 8.48057 5.50721 8.30631 3.77061 1.0752 1.1982 8.15832 0.25265 5.64425 3.42936 8.46079 0.785645 3.87047 1.59109 3.34387 1.74034 7.90291 
1.29019 8.80675 0.571747 8.77802 3.88989 8.9644 0.585776 5.9926 8.96671 2.21683 8.39316 6.34287 6.7216 8.39807 3.1722 5.40837 7.5559 0.916371 
4.12078 4.16704 7.39787 2.33939 4.55872 4.06817 4.80449 7.67464 2.70419 3.82841 1.35603 7.09699 8.75084 1.75948 2.02323 3.40009 5.56292 7.62659 
3.02278 2.38684 4.9896 2.78368 1.02563 8.23309 9.67442 4.05473 5.66485 8.1268 8.8558 8.50609 7.67753 1.86711 7.37398 9.45729 2.75838 9.61775 
