20 15
9.02895 6.4649 7.32503 6.37188 7.0588 5.42454 8.18405 2.23099 2.26391 1.22853 2.50751 0.136823 4.56494 4.09849 8.3782 3.93932 4.95999 3.90849 6.80172 5.95354 
3.17443 2.7875 5.21838 6.43371 1.43638 5.67137 2.50996 8.19926 6.44985 0.482085 0.701569 5.42967 5.82684 7.47807 4.11958 6.40976 5.66947 0.806498 0.466164 2.21241 
5.03889 2.14469 6.17066 3.80723 8.6767 3.20733 1.22613 6.73805 2.41205 2.16061 5.0415 8.049 3.3261 4.07424 7.42631 5.40343 9.16368 9.92341 2.9163 2.69078 
6.7255 6.59841 1.80817 2.32634 4.54713 4.58358 3.98266 6.80078 0.289385 8.90367 8.95627 7.99289 4.7456 4.76802 7.13481 4.48927 1.69509 3.46944 3.29251 2.9583 
9.9837 3.07511 8.5454 4.95154 5.87146 1.45956 4.40678 9.81616 5.8799 8.52217 3.59228 2.72747 7.8893 4.55009 7.23688 1.36693 2.93458 5.34988 3.93198 0.433492 
5.11411 3.24014 4.56925 2.25182 7.7683 3.52445 8.53355 2.81367 8.58336 7.17711 6.17189 3.26766 3.31377 9.22713 2.70516 0.597356 4.97167 7.40877 8.6706 8.47034 
1.94388 2.9984 5.69588 5.96879 9.64017 0.849286 5.89784 4.81913 3.97837 9.97409 9.51443 1.14931 8.28029 7.83324 8.4543 7.41759 4.59242 0.730992 5.70458 5.78538 
6.23731 1.22886 8.14586 8.91234 7.59951 5.89618 4.51917 4.90738 3.94038 6.30432 5.87915 2.43631 3.34875 7.26842 4.0612 8.1457 1.17409 4.32857 4.24827 8.42093 
6.47742 1.33954 0.727093 7.51143 4.3598 1.75218 9.55324 4.22448 9.75119 9.75804 0.367344 2.08486 8.43382 8.67096 5.68799 5.09927 7.06702 2.1019 0.677388 8.2116 
2.03108 2.36303 5.68374 9.64599 1.77471 6.99172 7.45044 0.145342 5.78484 0.0354551 1.45386 9.45442 4.39499 0.676394 0.219856 2.65021 8.46952 2.1105 6.14495 2.73047 
2.70858 5.66116 9.70774 2.09008 0.174335 5.33352 4.12362 1.01632 8.55344 3.21698 6.67136 3.25468 6.48573 2.88831 1.45281 8.62866 4.12294 8.24641 2.29681 9.29426 
3.33885 9.67545 3.45808 5.08353 6.96392 5.61724 9.62523 9.23943 6.63202 4.09004 0.402085 9.0351 3.0788 6.81679 3.05408 3.31661 5.91748 2.68132 9.91203 3.39258 
3.14846 9.24515 2.80493 6.7732 9.05206 1.82975 4.01548 1.22935 2.02013 3.57722 6.22867 4.06579 9.62935 8.20783 0.0627493 8.97358 3.7756 1.88133 3.82587 8.61909 
1.86396 5.07945 9.95493 4.4651 4.64829 7.62094 0.48432 8.60038 9.04238 4.61641 8.8464 4.75973 7.14938 7.77039 4.65156 5.27062 8.11736 3.13835 1.48248 0.970847 
3.7518 3.15181 0.920181 8.04896 1.53573 1.23966 9.6913 8.56522 1.49202 1.13308 5.0919 1.32266 6.24942 5.83165 9.32832 7.26855 9.95199 2.59965 7.65136 8.89595 
